A =[-1 1; 0 -2]
B=[2;2]
C=[1 2]