X=[
4452.01 4392.12
4400.17 4409.15
4373.81 4326.99
4321.40 4313.24
4292.90 4243.52
4203.04 4196.65
4197.83 4208.44	
4223.60 4261.40
4306.65 4325.52	
4334.98 4333.63
];