%Datos de entrenamiento

%Tiempo
t=[      0
    0.2000
    0.4000
    0.6000
    0.8000
    1.0000
    1.2000
    1.4000
    1.6000
    1.8000
    2.0000
    2.2000
    2.4000
    2.6000
    2.8000
    3.0000
    3.2000
    3.4000
    3.6000
    3.8000
    4.0000
    4.2000
    4.4000
    4.6000
    4.8000
    5.0000
    5.2000
    5.4000
    5.6000
    5.8000
    6.0000
    6.2000
    6.4000
    6.6000
    6.8000
    7.0000
    7.2000
    7.4000
    7.6000
    7.8000
    8.0000
    8.2000
    8.4000
    8.6000
    8.8000
    9.0000
    9.2000
    9.4000
    9.6000
    9.8000
   10.0000];

%Señal triangular
T=[     0
   -0.1000
   -0.2000
   -0.3000
   -0.4000
   -0.5000
   -0.6000
   -0.7000
   -0.8000
   -0.9000
   -1.0000
   -0.9000
   -0.8000
   -0.7000
   -0.6000
   -0.5000
   -0.4000
   -0.3000
   -0.2000
   -0.1000
    0.0000
    0.1000
    0.2000
    0.3000
    0.4000
    0.5000
    0.6000
    0.7000
    0.8000
    0.9000
    1.0000
    0.9000
    0.8000
    0.7000
    0.6000
    0.5000
    0.4000
    0.3000
    0.2000
    0.1000
   -0.0000
   -0.1000
   -0.2000
   -0.3000
   -0.4000
   -0.5000
   -0.6000
   -0.7000
   -0.8000
   -0.9000
   -1.0000];

%Señal seno
S=[ 0.0000
   -0.1564
   -0.3090
   -0.4540
   -0.5878
   -0.7071
   -0.8090
   -0.8910
   -0.9511
   -0.9877
   -1.0000
   -0.9877
   -0.9511
   -0.8910
   -0.8090
   -0.7071
   -0.5878
   -0.4540
   -0.3090
   -0.1564
    0.0000
    0.1564
    0.3090
    0.4540
    0.5878
    0.7071
    0.8090
    0.8910
    0.9511
    0.9877
    1.0000
    0.9877
    0.9511
    0.8910
    0.8090
    0.7071
    0.5878
    0.4540
    0.3090
    0.1564
   -0.0000
   -0.1564
   -0.3090
   -0.4540
   -0.5878
   -0.7071
   -0.8090
   -0.8910
   -0.9511
   -0.9877
   -1.0000];
