L = 0.5
J = 0.006
B = 0.2
M = 1
g = 9.8
Ref = pi/4
